YarrangobillyRiverAtRavine
10
89.59310150146484
93.30770111083984
92.39409637451172
83.29509735107422
91.36789703369141
81.84870147705078
47.47040176391602
144.24420166015625
386.43908691406250
389.37960815429688
307.93148803710938
298.33221435546875
234.56100463867188
197.12130737304688
154.33580017089844
112.82019805908203
81.21649932861328
58.78139877319336
47.77360153198242
39.86339950561523
35.30450057983398
31.95829963684082
29.86779975891113
28.31850051879883
27.26379966735840
26.48390007019043
25.92079925537109
25.51129913330078
25.21100044250488
24.99169921875000
24.82950019836426
24.70999908447266
24.62089920043945
24.55190086364746
24.50099945068359
24.46310043334961
24.43549919128418
24.40979957580566
24.38669967651367
24.37199974060059
24.36400032043457
24.36030006408691
24.35650062561035
24.35330009460449
24.35050010681152
24.34810066223145
24.34600067138672
24.34420013427734
24.34259986877441
24.34110069274902
24.33989906311035
24.33880043029785
24.33779907226562
24.33699989318848